# número de direcciones:
2000
# tamaño de página:
100
# mínimo reubicación:
3
# procesos:
# Tll,Nm,dir1,dir2,dir3,...
7,6,342260,716267,607098,921831,466915,319708,767785,893301,66672,452337,899317,747620,974443
5,9,702092,865245,976883,793375,747707,789553,985533,154031,312267,661033,14057
7,7,931845,611324,696281,196284,758241,915349,914517,278290,603170,741123,11925,632883,866247,621380,199480,260798,701523,421834,568332
2,5,898952,480225,862998,827146,903431,538725,657715,96990,454540,136595,166057,439582,3972,155472,922299
2,6,989604,295286,842844,448692,638855,164562,160132,768429,295304,451454,196664,630217,101063,752835,49411,830742,347644,444822,95360,684805
2,9,478674,225805,989988,790280,941367,380231,942474,195640,914348,932875,728167,997601,77597,974858,61736,399340,153952
4,6,315220,895144,123529,968709,393721,606628,469977,552177,772422,96421,358928,835309,434028,516277,367887,169998,804810,239643,736004,21799
7,5,862958,747891,969967,187646,277000,82057,515407,369579,395306,840577,250696,180298
10,8,198079,115086,965914,754236,188023,806013,176526,482213,833806,702135,846378,23539
7,5,380034,325301,585221,883796,57235,105818,495899,347783,664940,416004,720830,881111
3,7,880694,230374,655899,333510,487019,294828,646029,491007,967134,247570,886427,653866,852538,537959,200249,800091
0,7,334169,379363,776889,23229,761883,840826,713899,318069,861315,71919,752640,272836,740553,447242,340859
1,9,931265,381253,258226,306123,532220,307956,753255,747993,403312,138436,722949,775549,202433,361764,439317
7,9,821473,212621,714369,985921,836817,725696,195188,929780,45757,311437,326884,246056,102946
3,7,231659,360566,969419,961640,545777,517356,536726,652506,540950,23419,419305,925003,809239,50132,142301,600043
0,8,350623,501010,238762,393789,550322,202880,469293,867210,485484,886238,573413,826472,4695,660758,628430,921259
5,7,667258,619324,341427,674378,630043,577488,856062,567662,681481,179520,852205,438615
4,6,274152,410994,381162,710192,544337,546777,692562,768639,222088,977441,701203,294861,247715,915680,282059,296499,924741,767512,88924,662201,274152,410994,381162,710192,544337,546777,692562,768639,222088,977441,701203,294861,247715,915680,282059,296499,924741,767512,88924,662201,274152,410994,381162,710192,544337,546777,692562,768639,222088,977441,701203,294861,247715,915680,282059,296499,924741,767512,88924,662201
5,10,34994,104307,302786,867829,778717,106218,867333,29203,628004,267494,591834,933541,483684,293249,217180,801531,675310
