# número de direcciones:
2600
# tamaño de página:
100
# mínimo reubicación:
3
# procesos:
# Tll,Nm,dir1,dir2,dir3,...
2,5,342260,716267,607098
2,5,702092,865245,976883,793375,747707,789553
2,5,931845,611324,696281
2,5,898952,480225,862998,827146,903431,538725
2,5,989604,295286,842844
2,13,478674,225805,989988,790280,941367,380231,942474,195640,914348,932875,728167,997601,77597,974858,61736,399340,153952
2,11,315220,895144,123529,968709,393721,606628,469977,552177,772422,96421,358928,835309,434028,516277,367887,169998,804810,239643,736004,21799
